[gd_scene load_steps=13 format=3 uid="uid://bxev4mc77vwce"]

[ext_resource type="Script" uid="uid://d10y72y1nt4gq" path="res://Level/Level.cs" id="1_epy63"]
[ext_resource type="Material" uid="uid://cdbfym2bj4i5a" path="res://Level/LevelAsset/glass_material.tres" id="3_qylp4"]
[ext_resource type="PackedScene" uid="uid://dbhas7yl7wcqu" path="res://Level/LevelAsset/TimedTarget/timed_target.tscn" id="4_4g0gg"]
[ext_resource type="PackedScene" uid="uid://d4ffmcajbbmim" path="res://Level/LevelAsset/Door/door.tscn" id="4_6yfbo"]
[ext_resource type="PackedScene" uid="uid://hb3x0n3mu372" path="res://Level/LevelAsset/Target/target.tscn" id="4_qylp4"]
[ext_resource type="PackedScene" uid="uid://dkyxmuvignwg6" path="res://Level/LevelAsset/Door/destructable_wall.tscn" id="8_nhtug"]
[ext_resource type="PackedScene" uid="uid://dqird0gga88bc" path="res://Level/LevelAsset/Ammo/ammo.tscn" id="9_q05u6"]
[ext_resource type="PackedScene" uid="uid://diomba6mxnssq" path="res://Player/Bullets/TeleporterBullet/TeleporterBullet.tscn" id="10_r2puj"]
[ext_resource type="PackedScene" uid="uid://cdvoq7qlryly8" path="res://Player/Bullets/OnTriggerOrCollisionBoomBullet/on_trigger_or_collision_boom_bullet.tscn" id="11_ek5q0"]
[ext_resource type="PackedScene" uid="uid://dialrw7vt6au2" path="res://Player/Bullets/OnTriggerDeadshotBullet/on_trigger_deadshot_bullet.tscn" id="12_r2puj"]

[sub_resource type="StandardMaterial3D" id="StandardMaterial3D_fhfvg"]
albedo_color = Color(0, 0, 0, 1)

[sub_resource type="BoxShape3D" id="BoxShape3D_f48re"]
size = Vector3(7.33209, 7.20337, 1)

[node name="Stage2Level4" type="Node3D" node_paths=PackedStringArray("Targets")]
script = ExtResource("1_epy63")
Targets = [NodePath("FinalDoor/Target2")]

[node name="Door" parent="." node_paths=PackedStringArray("Target") instance=ExtResource("4_6yfbo")]
transform = Transform3D(8, 0, 0, 0, 8, 0, 0, 0, 3, 9.20525, -2.60092, 64.1189)
Target = NodePath("../Target")

[node name="root" type="CSGBox3D" parent="."]
transform = Transform3D(1, 0, 0, 0, 1, 0, 0, 0, 1, 0, -3.1605, 0)
use_collision = true

[node name="CSGBox3D6" type="CSGBox3D" parent="root"]
transform = Transform3D(1, 0, 0, 0, 1, 0, 0, 0, 1, 23.1771, 2.63738, -8.72149)
size = Vector3(18.3007, 11.0745, 21.2113)

[node name="CSGBox3D20" type="CSGBox3D" parent="root"]
transform = Transform3D(1, 0, 0, 0, 1, 0, 0, 0, 1, 9.67904, 1.88384, -14.5709)
size = Vector3(8.73691, 1.16089, 32.9103)
material = ExtResource("3_qylp4")

[node name="CSGBox3D22" type="CSGBox3D" parent="root"]
transform = Transform3D(1, 0, 0, 0, 1, 0, 0, 0, 1, -10.0363, 1.88384, -14.5709)
size = Vector3(8.73691, 1.16089, 32.9103)
material = ExtResource("3_qylp4")

[node name="CSGBox3D21" type="CSGBox3D" parent="root"]
transform = Transform3D(1, 0, 0, 0, 1, 0, 0, 0, 1, -1.38525, 1.88384, -23.2938)
size = Vector3(38.0153, 1.16089, 8.11513)
material = ExtResource("3_qylp4")

[node name="CSGBox3D13" type="CSGBox3D" parent="root"]
transform = Transform3D(1, 0, 0, 0, 1, 0, 0, 0, 1, -19.9792, -0.387401, -31.4359)
size = Vector3(10.2364, 5.0249, 8.06039)

[node name="CSGBox3D14" type="CSGBox3D" parent="root"]
transform = Transform3D(1, 0, 0, 0, 1, 0, 0, 0, 1, -0.167809, -0.387401, -31.3854)
size = Vector3(11.087, 5.0249, 8.06039)

[node name="CSGBox3D15" type="CSGBox3D" parent="root"]
transform = Transform3D(1, 0, 0, 0, 1, 0, 0, 0, 1, 19.0294, -0.387401, -31.342)
size = Vector3(10.7574, 5.0249, 8.06039)

[node name="CSGBox3D8" type="CSGBox3D" parent="root"]
transform = Transform3D(0.866025, -0.5, 0, 0.5, 0.866025, 0, 0, 0, 1, -7.57942, -6.58994, 5.53615)
size = Vector3(17.4649, 10.1106, 7.72836)

[node name="CSGBox3D11" type="CSGBox3D" parent="root"]
transform = Transform3D(1, 0, 0, 0, 1, 0, 0, 0, 1, -5.95498, 1.08747, 12.659)
size = Vector3(25.1347, 14.076, 7.04149)

[node name="CSGBox3D23" type="CSGBox3D" parent="root"]
transform = Transform3D(1, 0, 0, 0, 1, 0, 0, 0, 1, 5.13085, 1.08747, 5.36911)
size = Vector3(2.963, 14.076, 7.85095)

[node name="CSGBox3D33" type="CSGBox3D" parent="root"]
transform = Transform3D(1, 0, 0, 0, 1, 0, 0, 0, 1, 2.00344, -1.9344, 5.36911)
size = Vector3(9.21783, 8.03223, 7.85095)

[node name="CSGBox3D25" type="CSGBox3D" parent="root"]
transform = Transform3D(1, 0, 0, 0, 1, 0, 0, 0, 1, -5.95498, 1.08747, 12.659)
size = Vector3(25.1347, 14.076, 7.04149)

[node name="CSGBox3D24" type="CSGBox3D" parent="root"]
transform = Transform3D(1, 0, 0, 0, 1, 0, 0, 0, 1, 12.6261, 5.00562, 8.82852)
size = Vector3(13.4922, 6.23964, 14.7024)

[node name="CSGBox3D10" type="CSGBox3D" parent="root"]
transform = Transform3D(1, 0, 0, 0, 1, 0, 0, 0, 1, 15.9998, -1.90651, 8.92584)
size = Vector3(6.62675, 8.08801, 14.5077)

[node name="CSGBox3D7" type="CSGBox3D" parent="root"]
transform = Transform3D(1, 0, 0, 0, 1, 0, 0, 0, 1, -20.2347, -0.387401, -4.54832)
size = Vector3(11.0056, 5.0249, 29.9134)

[node name="CSGBox3D16" type="CSGBox3D" parent="root"]
transform = Transform3D(1, 0, 0, 0, 1, 0, 0, 0, 1, -26.0652, -0.387401, -20.0983)
size = Vector3(11.0056, 5.0249, 28.3648)

[node name="CSGBox3D18" type="CSGBox3D" parent="root"]
transform = Transform3D(1, 0, 0, 0, 1, 0, 0, 0, 1, -3.12568, -0.387401, -34.1495)
size = Vector3(56.8848, 5.0249, 6.4495)

[node name="CSGBox3D17" type="CSGBox3D" parent="root"]
transform = Transform3D(1, 0, 0, 0, 1, 0, 0, 0, 1, 23.1052, -0.387401, -20.0983)
size = Vector3(11.0056, 5.0249, 28.3648)

[node name="CSGBox3D12" type="CSGBox3D" parent="root"]
transform = Transform3D(1, 0, 0, 0, 1, 0, 0, 0, 1, -0.230877, -0.387401, -8.639)
size = Vector3(11.0056, 5.0249, 19.715)

[node name="CSGBox3D5" type="CSGBox3D" parent="root"]
transform = Transform3D(1, 0, 0, 0, 1, 0, 0, 0, 1, 0.259703, -5.38067, -8.8963)
size = Vector3(49.83, 5.0249, 48.1445)

[node name="CSGBox3D26" type="CSGBox3D" parent="root"]
transform = Transform3D(1, 0, 0, 0, 1, 0, 0, 0, 1, 9.05943, -5.38067, 22.5701)
size = Vector3(9.80904, 5.0249, 15.7728)

[node name="CSGBox3D31" type="CSGBox3D" parent="root"]
transform = Transform3D(1, 0, 0, 0, 1, 0, 0, 0, 1, -0.649129, 0.105193, 22.5701)
size = Vector3(9.80904, 15.9966, 15.7728)

[node name="CSGBox3D29" type="CSGBox3D" parent="root"]
transform = Transform3D(1, 0, 0, 0, 1, 0, 0, 0, 1, 8.81578, -5.38067, 47.7551)
size = Vector3(10.6953, 5.0249, 34.4965)

[node name="CSGBox3D37" type="CSGBox3D" parent="root"]
transform = Transform3D(1, 0, 0, 0, 1, 0, 0, 0, 1, 21.2006, -5.38067, 48.6052)
size = Vector3(14.7452, 5.0249, 16.438)
material = ExtResource("3_qylp4")

[node name="CSGBox3D32" type="CSGBox3D" parent="root"]
transform = Transform3D(1, 0, 0, 0, 1, 0, 0, 0, 1, 18.6319, -35.2851, 47.6682)
size = Vector3(19.4652, 5.0249, 34.3228)

[node name="CSGBox3D34" type="CSGBox3D" parent="root"]
transform = Transform3D(1, 0, 0, 0, 1, 0, 0, 0, 1, 20.7147, -5.17416, 60.8534)
size = Vector3(15.5419, 4.7919, 8.21577)

[node name="CSGBox3D39" type="CSGBox3D" parent="root"]
transform = Transform3D(1, 0, 0, 0, 1, 0, 0, 0, 1, 18.704, -19.8316, 60.0547)
size = Vector3(19.5634, 25.7372, 9.81322)

[node name="CSGBox3D35" type="CSGBox3D" parent="root"]
transform = Transform3D(1, 0, 0, 0, 1, 0, 0, 0, 1, 18.6367, -17.837, 35.8591)
size = Vector3(19.475, 29.7263, 10.9596)

[node name="CSGBox3D36" type="CSGBox3D" parent="root"]
transform = Transform3D(1, 0, 0, 0, 1, 0, 0, 0, 1, 27.3847, -19.9867, 48.6811)
size = Vector3(2.36575, 26.1512, 16.473)

[node name="CSGBox3D38" type="CSGBox3D" parent="root"]
transform = Transform3D(1, 0, 0, 0, 1, 0, 0, 0, 1, 9.47832, -14.9363, 48.6811)
size = Vector3(9.20374, 16.1408, 16.473)

[node name="CSGBox3D30" type="CSGBox3D" parent="root"]
transform = Transform3D(1, 0, 0, 0, 1, 0, 0, 0, 1, 28.4842, 0.0913146, 31.3533)
size = Vector3(28.9809, 15.9689, 1.693)

[node name="CSGBox3D27" type="CSGBox3D" parent="root"]
transform = Transform3D(1, 0, 0, 0, 1, 0, 0, 0, 1, 28.4248, -5.38067, 16.1922)
size = Vector3(6.92419, 5.0249, 28.5287)

[node name="CSGBox3D28" type="CSGBox3D" parent="root"]
transform = Transform3D(1, 0, 0, 0, 1, 0, 0, 0, 1, 33.8833, -0.449213, 14.4293)
size = Vector3(4.42108, 5.54846, 32.0544)

[node name="CSGBox3D" type="CSGBox3D" parent="root"]
transform = Transform3D(1, 0, 0, 0, 1, 0, 0, 0, 1, -0.217285, 1.62505, -13.1784)
size = Vector3(11.0056, 1, 10.1996)

[node name="CSGBox3D2" type="CSGBox3D" parent="root/CSGBox3D"]
transform = Transform3D(1, 0, 0, 0, 0.866025, -0.5, 0, 0.5, 0.866025, 0.0195007, 1.42336, -7.4568)
size = Vector3(0.971954, 1, 5.96889)

[node name="CSGBox3D3" type="CSGBox3D" parent="root/CSGBox3D"]
transform = Transform3D(1, 0, 0, 0, 0.866025, -0.5, 0, 0.5, 0.866025, -4.98916, 1.42336, -7.4568)
size = Vector3(0.971954, 1, 5.96889)

[node name="CSGBox3D5" type="CSGBox3D" parent="root/CSGBox3D"]
transform = Transform3D(1, 0, 0, 0, 0.866025, -0.5, 0, 0.5, 0.866025, 5.00308, 1.42336, -7.4568)
size = Vector3(0.971954, 1, 5.96889)

[node name="CSGBox3D4" type="CSGBox3D" parent="root/CSGBox3D"]
transform = Transform3D(-1, 4.37114e-08, 7.57103e-08, 0, 0.866025, -0.5, -8.74228e-08, -0.5, -0.866025, 0.00278282, 1.42336, -12.1455)
size = Vector3(0.971954, 1, 5.96889)

[node name="CSGBox3D6" type="CSGBox3D" parent="root/CSGBox3D"]
transform = Transform3D(-1, 4.37114e-08, 7.57103e-08, 0, 0.866025, -0.5, -8.74228e-08, -0.5, -0.866025, 5.01144, 1.42336, -12.1455)
size = Vector3(0.971954, 1, 5.96889)

[node name="CSGBox3D7" type="CSGBox3D" parent="root/CSGBox3D"]
transform = Transform3D(-1, 4.37114e-08, 7.57103e-08, 0, 0.866025, -0.5, -8.74228e-08, -0.5, -0.866025, -4.9808, 1.42336, -12.1455)
size = Vector3(0.971954, 1, 5.96889)

[node name="CSGBox3D2" type="CSGBox3D" parent="root"]
transform = Transform3D(-4.37114e-08, 0, -1, 0, 1, 0, 1, 0, -4.37114e-08, -0.217285, 1.62505, -3.88129)
size = Vector3(11.0056, 1, 10.1996)

[node name="CSGBox3D2" type="CSGBox3D" parent="root/CSGBox3D2"]
transform = Transform3D(1, 0, 0, 0, 0.866025, -0.5, 0, 0.5, 0.866025, 0.0195007, 1.42336, -7.4568)
size = Vector3(0.971954, 1, 5.96889)

[node name="CSGBox3D3" type="CSGBox3D" parent="root/CSGBox3D2"]
transform = Transform3D(1, 0, 0, 0, 0.866025, -0.5, 0, 0.5, 0.866025, -4.98916, 1.42336, -7.4568)
size = Vector3(0.971954, 1, 5.96889)

[node name="CSGBox3D5" type="CSGBox3D" parent="root/CSGBox3D2"]
transform = Transform3D(1, 0, 0, 0, 0.866025, -0.5, 0, 0.5, 0.866025, 5.00308, 1.42336, -7.4568)
size = Vector3(0.971954, 1, 5.96889)

[node name="CSGBox3D4" type="CSGBox3D" parent="root/CSGBox3D2"]
transform = Transform3D(-1, 4.37114e-08, 7.57103e-08, 0, 0.866025, -0.5, -8.74228e-08, -0.5, -0.866025, 0.00278282, 1.42336, -12.1455)
size = Vector3(0.971954, 1, 5.96889)

[node name="CSGBox3D6" type="CSGBox3D" parent="root/CSGBox3D2"]
transform = Transform3D(-1, 4.37114e-08, 7.57103e-08, 0, 0.866025, -0.5, -8.74228e-08, -0.5, -0.866025, 5.01144, 1.42336, -12.1455)
size = Vector3(0.971954, 1, 5.96889)

[node name="CSGBox3D7" type="CSGBox3D" parent="root/CSGBox3D2"]
transform = Transform3D(-1, 4.37114e-08, 7.57103e-08, 0, 0.866025, -0.5, -8.74228e-08, -0.5, -0.866025, -4.9808, 1.42336, -12.1455)
size = Vector3(0.971954, 1, 5.96889)

[node name="CSGBox3D19" type="CSGBox3D" parent="root"]
transform = Transform3D(-4.37114e-08, 0, -1, 0, 1, 0, 1, 0, -4.37114e-08, -0.217285, 1.62505, -13.7896)
size = Vector3(11.0056, 1, 10.1996)

[node name="CSGBox3D2" type="CSGBox3D" parent="root/CSGBox3D19"]
transform = Transform3D(1, 0, 0, 0, 0.866025, -0.5, 0, 0.5, 0.866025, 0.0195007, 1.42336, -7.4568)
size = Vector3(0.971954, 1, 5.96889)

[node name="CSGBox3D3" type="CSGBox3D" parent="root/CSGBox3D19"]
transform = Transform3D(1, 0, 0, 0, 0.866025, -0.5, 0, 0.5, 0.866025, -4.98916, 1.42336, -7.4568)
size = Vector3(0.971954, 1, 5.96889)

[node name="CSGBox3D5" type="CSGBox3D" parent="root/CSGBox3D19"]
transform = Transform3D(1, 0, 0, 0, 0.866025, -0.5, 0, 0.5, 0.866025, 5.00308, 1.42336, -7.4568)
size = Vector3(0.971954, 1, 5.96889)

[node name="CSGBox3D4" type="CSGBox3D" parent="root/CSGBox3D19"]
transform = Transform3D(-1, 4.37114e-08, 7.57103e-08, 0, 0.866025, -0.5, -8.74228e-08, -0.5, -0.866025, 0.00278282, 1.42336, -12.1455)
size = Vector3(0.971954, 1, 5.96889)

[node name="CSGBox3D6" type="CSGBox3D" parent="root/CSGBox3D19"]
transform = Transform3D(-1, 4.37114e-08, 7.57103e-08, 0, 0.866025, -0.5, -8.74228e-08, -0.5, -0.866025, 5.01144, 1.42336, -12.1455)
size = Vector3(0.971954, 1, 5.96889)

[node name="CSGBox3D7" type="CSGBox3D" parent="root/CSGBox3D19"]
transform = Transform3D(-1, 4.37114e-08, 7.57103e-08, 0, 0.866025, -0.5, -8.74228e-08, -0.5, -0.866025, -4.9808, 1.42336, -12.1455)
size = Vector3(0.971954, 1, 5.96889)

[node name="CSGBox3D3" type="CSGBox3D" parent="root"]
transform = Transform3D(-4.37114e-08, 0, 1, 0, 1, 0, -1, 0, -4.37114e-08, -0.217285, 1.62505, -3.88129)
size = Vector3(11.0056, 1, 10.1996)

[node name="CSGBox3D2" type="CSGBox3D" parent="root/CSGBox3D3"]
transform = Transform3D(1, 0, 0, 0, 0.866025, -0.5, 0, 0.5, 0.866025, 0.0195007, 1.42336, -7.4568)
size = Vector3(0.971954, 1, 5.96889)

[node name="CSGBox3D3" type="CSGBox3D" parent="root/CSGBox3D3"]
transform = Transform3D(1, 0, 0, 0, 0.866025, -0.5, 0, 0.5, 0.866025, -4.98916, 1.42336, -7.4568)
size = Vector3(0.971954, 1, 5.96889)

[node name="CSGBox3D5" type="CSGBox3D" parent="root/CSGBox3D3"]
transform = Transform3D(1, 0, 0, 0, 0.866025, -0.5, 0, 0.5, 0.866025, 5.00308, 1.42336, -7.4568)
size = Vector3(0.971954, 1, 5.96889)

[node name="CSGBox3D4" type="CSGBox3D" parent="root/CSGBox3D3"]
transform = Transform3D(-1, 4.37114e-08, 7.57103e-08, 0, 0.866025, -0.5, -8.74228e-08, -0.5, -0.866025, 0.00278282, 1.42336, -12.1455)
size = Vector3(0.971954, 1, 5.96889)

[node name="CSGBox3D6" type="CSGBox3D" parent="root/CSGBox3D3"]
transform = Transform3D(-1, 4.37114e-08, 7.57103e-08, 0, 0.866025, -0.5, -8.74228e-08, -0.5, -0.866025, 5.01144, 1.42336, -12.1455)
size = Vector3(0.971954, 1, 5.96889)

[node name="CSGBox3D7" type="CSGBox3D" parent="root/CSGBox3D3"]
transform = Transform3D(-1, 4.37114e-08, 7.57103e-08, 0, 0.866025, -0.5, -8.74228e-08, -0.5, -0.866025, -4.9808, 1.42336, -12.1455)
size = Vector3(0.971954, 1, 5.96889)

[node name="CSGBox3D4" type="CSGBox3D" parent="root"]
transform = Transform3D(-4.37114e-08, 0, 1, 0, 1, 0, -1, 0, -4.37114e-08, -0.217285, 1.62505, -13.9255)
size = Vector3(11.0056, 1, 10.1996)

[node name="CSGBox3D2" type="CSGBox3D" parent="root/CSGBox3D4"]
transform = Transform3D(1, 0, 0, 0, 0.866025, -0.5, 0, 0.5, 0.866025, 0.0195007, 1.42336, -7.4568)
size = Vector3(0.971954, 1, 5.96889)

[node name="CSGBox3D3" type="CSGBox3D" parent="root/CSGBox3D4"]
transform = Transform3D(1, 0, 0, 0, 0.866025, -0.5, 0, 0.5, 0.866025, -4.98916, 1.42336, -7.4568)
size = Vector3(0.971954, 1, 5.96889)

[node name="CSGBox3D5" type="CSGBox3D" parent="root/CSGBox3D4"]
transform = Transform3D(1, 0, 0, 0, 0.866025, -0.5, 0, 0.5, 0.866025, 5.00308, 1.42336, -7.4568)
size = Vector3(0.971954, 1, 5.96889)

[node name="CSGBox3D4" type="CSGBox3D" parent="root/CSGBox3D4"]
transform = Transform3D(-1, 4.37114e-08, 7.57103e-08, 0, 0.866025, -0.5, -8.74228e-08, -0.5, -0.866025, 0.00278282, 1.42336, -12.1455)
size = Vector3(0.971954, 1, 5.96889)

[node name="CSGBox3D6" type="CSGBox3D" parent="root/CSGBox3D4"]
transform = Transform3D(-1, 4.37114e-08, 7.57103e-08, 0, 0.866025, -0.5, -8.74228e-08, -0.5, -0.866025, 5.01144, 1.42336, -12.1455)
size = Vector3(0.971954, 1, 5.96889)

[node name="CSGBox3D7" type="CSGBox3D" parent="root/CSGBox3D4"]
transform = Transform3D(-1, 4.37114e-08, 7.57103e-08, 0, 0.866025, -0.5, -8.74228e-08, -0.5, -0.866025, -4.9808, 1.42336, -12.1455)
size = Vector3(0.971954, 1, 5.96889)

[node name="Target2" parent="." instance=ExtResource("4_4g0gg")]
transform = Transform3D(1, 0, 0, 0, 1, 0, 0, 0, 1, -7.1314, -3.07592, -4.42674)
HitDuration = 0.5
AreaScale = 7.0

[node name="Target3" parent="." instance=ExtResource("4_4g0gg")]
transform = Transform3D(1, 0, 0, 0, 1, 0, 0, 0, 1, -12.0892, -3.07592, -8.58998)
HitDuration = 0.5
AreaScale = 7.0

[node name="Target4" parent="." instance=ExtResource("4_4g0gg")]
transform = Transform3D(1, 0, 0, 0, 1, 0, 0, 0, 1, -9.39581, -3.07592, -13.0221)
HitDuration = 0.5
AreaScale = 7.0

[node name="Target5" parent="." instance=ExtResource("4_4g0gg")]
transform = Transform3D(1, 0, 0, 0, 1, 0, 0, 0, 1, -13.2483, -3.07592, -17.2155)
HitDuration = 0.5
AreaScale = 7.0

[node name="Target6" parent="." instance=ExtResource("4_4g0gg")]
transform = Transform3D(1, 0, 0, 0, 1, 0, 0, 0, 1, -6.70247, -3.07592, -20.7271)
HitDuration = 0.5
AreaScale = 7.0

[node name="Target8" parent="." instance=ExtResource("4_4g0gg")]
transform = Transform3D(1, 0, 0, 0, 1, 0, 0, 0, 1, -10.134, -3.07592, -22.386)
HitDuration = 0.5
AreaScale = 7.0

[node name="Target9" parent="." instance=ExtResource("4_4g0gg")]
transform = Transform3D(1, 0, 0, 0, 1, 0, 0, 0, 1, 7.25802, -3.07592, -4.62338)
HitDuration = 0.5
AreaScale = 7.0

[node name="Target16" parent="." instance=ExtResource("4_4g0gg")]
transform = Transform3D(1, 0, 0, 0, 1, 0, 0, 0, 1, -2.83855, -3.07592, -21.6614)
HitDuration = 0.5
AreaScale = 7.0

[node name="Target17" parent="." instance=ExtResource("4_4g0gg")]
transform = Transform3D(1, 0, 0, 0, 1, 0, 0, 0, 1, 0.947667, -3.07592, -24.8165)
HitDuration = 0.5
AreaScale = 7.0

[node name="Target10" parent="." instance=ExtResource("4_4g0gg")]
transform = Transform3D(1, 0, 0, 0, 1, 0, 0, 0, 1, 8.73685, -3.07592, -11.1846)
HitDuration = 0.5
AreaScale = 7.0

[node name="Target11" parent="." instance=ExtResource("4_4g0gg")]
transform = Transform3D(1, 0, 0, 0, 1, 0, 0, 0, 1, 11.8719, -3.07592, -14.7963)
HitDuration = 0.5
AreaScale = 7.0

[node name="Target12" parent="." instance=ExtResource("4_4g0gg")]
transform = Transform3D(1, 0, 0, 0, 1, 0, 0, 0, 1, 7.07286, -3.07592, -15.0142)
HitDuration = 0.5
AreaScale = 7.0

[node name="Target13" parent="." instance=ExtResource("4_4g0gg")]
transform = Transform3D(1, 0, 0, 0, 1, 0, 0, 0, 1, 8.39854, -3.07592, -22.5925)
HitDuration = 0.5
AreaScale = 7.0

[node name="Target15" parent="." instance=ExtResource("4_4g0gg")]
transform = Transform3D(1, 0, 0, 0, 1, 0, 0, 0, 1, 6.00294, -3.07592, -20.7715)
HitDuration = 0.5
AreaScale = 7.0

[node name="Target" parent="." instance=ExtResource("4_qylp4")]
transform = Transform3D(8, 0, 0, 0, 8, 0, 0, 0, 8, 20.3751, -26.2496, 48.82)

[node name="Target7" parent="." instance=ExtResource("8_nhtug")]
transform = Transform3D(15, 0, 0, 0, 15, 0, 0, 0, 15, 10.9586, -30.6434, 48.8799)

[node name="Target14" parent="." instance=ExtResource("8_nhtug")]
transform = Transform3D(11, 0, 0, 0, 11, 0, 0, 0, 11, 8.97044, -0.535038, 32.0997)

[node name="Ammo" parent="." node_paths=PackedStringArray("Storage") instance=ExtResource("9_q05u6")]
transform = Transform3D(1, 0, 0, 0, 1, 0, 0, 0, 1, 2.65247, -0.658601, 0.189565)
Storage = [NodePath("TeleporterBullet"), NodePath("TeleporterBullet2"), NodePath("TeleporterBullet3"), NodePath("TeleporterBullet4"), NodePath("TeleporterBullet5"), NodePath("TeleporterBullet6"), NodePath("TeleporterBullet7"), NodePath("TeleporterBullet8"), NodePath("TeleporterBullet9")]

[node name="TeleporterBullet" parent="Ammo" instance=ExtResource("10_r2puj")]
transform = Transform3D(1, 0, 0, 0, 1, 0, 0, 0, 1, 1.70636, 0.658601, -0.951478)

[node name="TeleporterBullet2" parent="Ammo" instance=ExtResource("10_r2puj")]
transform = Transform3D(1, 0, 0, 0, 1, 0, 0, 0, 1, 1.70636, 0.658601, -0.951478)

[node name="TeleporterBullet3" parent="Ammo" instance=ExtResource("10_r2puj")]
transform = Transform3D(1, 0, 0, 0, 1, 0, 0, 0, 1, 1.70636, 0.658601, -0.951478)

[node name="TeleporterBullet4" parent="Ammo" instance=ExtResource("10_r2puj")]
transform = Transform3D(1, 0, 0, 0, 1, 0, 0, 0, 1, 1.70636, 0.658601, -0.951478)

[node name="TeleporterBullet5" parent="Ammo" instance=ExtResource("10_r2puj")]
transform = Transform3D(1, 0, 0, 0, 1, 0, 0, 0, 1, 1.70636, 0.658601, -0.951478)

[node name="TeleporterBullet6" parent="Ammo" instance=ExtResource("10_r2puj")]
transform = Transform3D(1, 0, 0, 0, 1, 0, 0, 0, 1, 1.70636, 0.658601, -0.951478)

[node name="TeleporterBullet7" parent="Ammo" instance=ExtResource("10_r2puj")]
transform = Transform3D(1, 0, 0, 0, 1, 0, 0, 0, 1, 1.70636, 0.658601, -0.951478)

[node name="TeleporterBullet8" parent="Ammo" instance=ExtResource("10_r2puj")]
transform = Transform3D(1, 0, 0, 0, 1, 0, 0, 0, 1, 1.70636, 0.658601, -0.951478)

[node name="TeleporterBullet9" parent="Ammo" instance=ExtResource("10_r2puj")]
transform = Transform3D(1, 0, 0, 0, 1, 0, 0, 0, 1, 1.70636, 0.658601, -0.951478)

[node name="Ammo2" parent="." node_paths=PackedStringArray("Storage") instance=ExtResource("9_q05u6")]
transform = Transform3D(1, 0, 0, 0, 1, 0, 0, 0, 1, 27.5333, -5.54667, 10.0286)
Storage = [NodePath("TeleporterBullet"), NodePath("TeleporterBullet2"), NodePath("TeleporterBullet3"), NodePath("OnTriggerOrCollisionBoomBullet"), NodePath("OnTriggerOrCollisionBoomBullet2"), NodePath("OnTriggerOrCollisionBoomBullet3")]

[node name="TeleporterBullet" parent="Ammo2" instance=ExtResource("10_r2puj")]
transform = Transform3D(1, 0, 0, 0, 1, 0, 0, 0, 1, 1.70636, 0.658601, -0.951478)

[node name="TeleporterBullet2" parent="Ammo2" instance=ExtResource("10_r2puj")]
transform = Transform3D(1, 0, 0, 0, 1, 0, 0, 0, 1, 1.70636, 0.658601, -0.951478)

[node name="TeleporterBullet3" parent="Ammo2" instance=ExtResource("10_r2puj")]
transform = Transform3D(1, 0, 0, 0, 1, 0, 0, 0, 1, 1.70636, 0.658601, -0.951478)

[node name="OnTriggerOrCollisionBoomBullet" parent="Ammo2" instance=ExtResource("11_ek5q0")]
transform = Transform3D(1, 0, 0, 0, 1, 0, 0, 0, 1, 0.607889, 4.0423, 4.76221)

[node name="OnTriggerOrCollisionBoomBullet2" parent="Ammo2" instance=ExtResource("11_ek5q0")]
transform = Transform3D(1, 0, 0, 0, 1, 0, 0, 0, 1, 0.607889, 4.0423, 4.76221)

[node name="OnTriggerOrCollisionBoomBullet3" parent="Ammo2" instance=ExtResource("11_ek5q0")]
transform = Transform3D(1, 0, 0, 0, 1, 0, 0, 0, 1, 0.607889, 4.0423, 4.76221)

[node name="Ammo3" parent="." node_paths=PackedStringArray("Storage") instance=ExtResource("9_q05u6")]
transform = Transform3D(1, 0, 0, 0, 1, 0, 0, 0, 1, 5.95184, -4.0423, 40.7894)
Storage = [NodePath("OnTriggerDeadshotBullet"), NodePath("OnTriggerDeadshotBullet2"), NodePath("TeleporterBullet"), NodePath("TeleporterBullet2"), NodePath("OnTriggerOrCollisionBoomBullet"), NodePath("OnTriggerOrCollisionBoomBullet2")]

[node name="OnTriggerDeadshotBullet" parent="Ammo3" instance=ExtResource("12_r2puj")]
transform = Transform3D(1, 0, 0, 0, 1, 0, 0, 0, 1, 4.2747, 4.0423, -0.209782)
DirectionVector = Vector3(1, 0, 0)

[node name="OnTriggerDeadshotBullet2" parent="Ammo3" instance=ExtResource("12_r2puj")]
transform = Transform3D(1, 0, 0, 0, 1, 0, 0, 0, 1, 5.79144, 4.0423, -0.577187)
DirectionVector = Vector3(1, 0, 0)

[node name="TeleporterBullet" parent="Ammo3" instance=ExtResource("10_r2puj")]
transform = Transform3D(1, 0, 0, 0, 1, 0, 0, 0, 1, 4.29821, 4.0423, -0.367519)

[node name="TeleporterBullet2" parent="Ammo3" instance=ExtResource("10_r2puj")]
transform = Transform3D(1, 0, 0, 0, 1, 0, 0, 0, 1, 4.66221, 4.0423, -0.412388)

[node name="OnTriggerOrCollisionBoomBullet" parent="Ammo3" instance=ExtResource("11_ek5q0")]
transform = Transform3D(1, 0, 0, 0, 1, 0, 0, 0, 1, 4.76461, 4.0423, -0.26366)

[node name="OnTriggerOrCollisionBoomBullet2" parent="Ammo3" instance=ExtResource("11_ek5q0")]
transform = Transform3D(1, 0, 0, 0, 1, 0, 0, 0, 1, 4.84486, 4.0423, -0.729107)

[node name="Target18" parent="." instance=ExtResource("4_qylp4")]
transform = Transform3D(1, 0, 0, 0, 1, 0, 0, 0, 1, 2.87764, 1.73488, 6.38709)

[node name="FinalDoor" type="CSGBox3D" parent="."]
transform = Transform3D(1, 0, 0, 0, 1, 0, 0, 0, 1, 9.2626, -2.60009, 64.1679)
size = Vector3(7.06125, 6.78369, 1)
material = SubResource("StandardMaterial3D_fhfvg")

[node name="Target2" parent="FinalDoor" instance=ExtResource("4_qylp4")]
collision_layer = 1
collision_mask = 8

[node name="CollisionShape3D2" type="CollisionShape3D" parent="FinalDoor/Target2"]
transform = Transform3D(1, 0, 0, 0, 1, 0, 0, 0, 1, 0.0577087, -0.111938, 0)
shape = SubResource("BoxShape3D_f48re")
